Placed bets: EvolutionCasino,Placed bets: Game360Casino,Placed bets: ISoftBetCasino,Placed bets: ISolutionsSportsbook,Placed bets: MicrogamingCasino,Placed bets: NetEntCasino,Placed bets: NovomaticCasino,Placed bets: YggdrasilCasino,amount_placed: EvolutionCasino,amount_placed: Game360Casino,amount_placed: ISoftBetCasino,amount_placed: ISolutionsSportsbook,amount_placed: MicrogamingCasino,amount_placed: NetEntCasino,amount_placed: NovomaticCasino,amount_placed: YggdrasilCasino
8,385,1334,0,2,287,342,33,132.0,448.92,1569.16,0,0.8,132.75,298.65,6.6
24,717,1724,0,26,497,490,24,293.48,430.12,2428.26,0,10.4,268.25,657.5,5.6
20,577,2065,0,0,360,394,45,402.3,357.58,3023.82,0,0,274.4,691.6,18.3
18,600,2120,2,97,453,190,60,199.3,376.01,1996.53,6.0,29.0,413.88,525.5,18.0
20,639,1952,1,83,451,382,0,157.3,388.59,2624.63,2.0,20.8,762.36,1188.7,0
15,725,1701,1,0,330,286,40,87.9,443.55,2221.04,10.0,0,491.97,154.4,8.0
14,684,1418,0,46,324,373,0,86.0,444.3,1946.51,0,43.8,460.26,290.8,0
13,853,1464,2,140,340,371,0,57.8,540.93,1934.23,8.0,128.33,475.62,154.8,0
15,688,1687,0,76,481,236,34,81.5,429.91,1171.27,0,76.69,659.57,116.4,12.9
24,575,2263,0,99,694,531,72,176.0,384.25,2257.23,0,111.6,817.85,315.3,7.2
14,716,2677,0,83,719,609,0,60.8,456.58,2495.81,0,99.6,820.74,314.95,0
11,786,2420,1,160,978,757,0,82.5,457.5,2708.08,15.0,185.1,1084.31,461.26,0
11,854,2322,0,90,878,690,29,37.0,666.83,2716.07,0,69.7,777.1,513.1,23.6
25,985,2411,1,85,655,435,150,177.5,720.3,1907.99,52.0,60.1,526.3,306.5,74.9
24,879,2517,0,155,879,641,135,168.0,588.44,1902.56,0,90.5,775.4,331.0,115.6
35,773,2737,0,91,1053,544,3,216.4,512.72,2479.88,0,59.68,1005.61,339.38,0.3
37,763,3054,0,126,982,395,0,267.8,830.07,3172.3,0,87.7,467.9,204.89,0
25,864,3035,0,91,715,504,0,90.1,925.06,3331.88,0,89.6,417.74,244.08,0
31,800,2986,0,88,678,349,17,236.4,1288.2,3498.79,0,69.2,580.51,176.9,119.0
22,966,3884,0,19,623,574,78,184.1,1367.53,3303.36,0,7.6,628.66,307.39,173.6
14,1169,3432,1,21,757,485,51,117.0,1626.86,2878.84,2.0,8.0,1087.64,283.98,12.8
25,1115,4376,0,51,875,315,20,564.3,1427.21,3249.7,0,11.3,705.64,226.6,10.0
35,1575,3650,2,142,1085,452,54,1119.9,1957.02,3204.66,50.0,67.6,881.37,204.6,59.0
43,1337,3663,0,123,1326,666,133,942.4,1972.1,2799.7,0,51.8,1276.04,630.9,328.0
31,1296,4310,0,107,1569,704,87,366.8,1696.47,3147.02,0,39.4,1675.36,1305.5,455.5
42,1125,4159,3,99,1491,979,103,561.8,1059.1,2935.48,43.0,39.8,1156.18,1477.11,28.8
37,1019,3855,0,99,1370,791,100,641.8,1052.9,3497.95,0,34.6,1429.1,944.95,47.2
42,1236,3956,1,54,1333,916,125,636.2,1915.95,3727.87,4.0,26.8,1419.52,1350.3,60.6
29,1141,3919,2,132,1109,891,54,492.8,2050.03,2967.97,20.0,118.8,1232.04,802.7,32.4
35,1263,3601,3,206,1088,807,108,594.5,1052.32,3150.71,160.0,164.94,1106.39,826.25,27.6
44,1148,4115,0,114,1339,969,229,562.5,1209.45,3105.87,0,179.2,1305.39,756.66,112.1
53,1263,4263,5,182,1491,857,171,417.88,1454.32,3739.78,500.0,70.7,1916.48,627.7,99.9
57,1147,4389,1,154,1542,888,173,381.1,1059.8,4094.33,10.0,52.9,1612.32,759.82,125.8
54,1182,4347,3,107,1467,1129,171,654.5,997.63,4931.22,232.0,91.0,1780.68,906.9,170.6
37,1162,4371,2,118,1419,1209,119,538.59,1223.65,4444.91,70.0,65.3,1508.98,776.64,100.7
31,1387,4867,3,179,1502,934,192,388.7,1671.79,4017.85,20.0,124.32,1634.99,637.9,167.9
62,1466,5484,2,309,1758,1146,139,469.3,2497.87,4064.31,85.0,245.3,2080.15,925.75,118.0
70,1355,5663,1,263,1852,1454,145,497.5,1715.29,3755.67,30.0,230.3,2089.76,1179.0,36.0
80,1050,6047,5,330,1738,1466,176,652.0,1316.92,4034.43,250.0,215.2,2808.35,1227.95,103.1
88,1219,5936,2,305,1421,1501,111,722.66,1996.82,4780.26,21.0,250.2,1987.6,1038.35,148.1
93,1193,5852,2,405,1047,1927,17,786.8,1964.4,4780.08,25.0,272.42,1361.48,1630.05,7.7
88,1016,5568,4,449,1323,1654,106,2204.94,2227.78,4571.99,44.0,310.26,1175.7,1380.15,60.3
86,1016,5449,5,336,1532,1429,142,1408.5,2068.85,4430.26,69.0,192.39,1297.2,981.5,92.5
90,1062,5825,0,366,1851,1455,73,1633.8,2201.64,4963.7,0,241.26,2285.28,1121.0,14.6
107,1078,5594,1,261,1978,1566,58,1926.4,1674.07,4951.44,10.0,140.37,3760.57,1524.75,10.5
112,1219,6219,0,198,2081,1576,80,2034.8,2042.73,4506.41,0,77.38,3110.69,1882.85,12.4
103,1035,6311,0,416,1848,1362,151,2069.4,1915.64,5445.88,0,226.59,2613.44,1430.8,120.3
105,1504,6886,2,510,2344,1554,210,1813.7,2040.26,6723.08,6.0,430.94,3238.08,1436.7,142.1
22,390,1625,1,105,590,391,72,460.5,646.66,1306.49,5.0,170.8,688.2,502.6,18.2
